1
5
80
1
1
### Enter your custom multipliers and associated words here ###
3,Fizz
5,Buzz
7,Foo
10,Bar
50,Amazing
###
9 
3
2 
140 
97 
128 
165 
122 
100 
186 
144 
194 
74
40 
17 
35
193 
142 
185 
166 
93 
121 
83
86 
10 
157 
177 
200 
198 
178 
52
91 
146 
163 
111 
101 
99 
57 
45 
114 
151 
62 
1 
4 
104 
23 
60
137 
168 
49 
32 
63 
94 
5 
191 
129 
31 
72 
44 
184 
39 
131
26
156 
21 
113 
34 
80 
161 
181 
196 
85
76
145 
75 
77 
172 
66 
107
98 
123 
67 
190 
30 
8
197 
33 
103 
65 
11 
48 
116 
126 
199 
164
130 
88 
6 
158 
108 
79 
147 
12  
73 
15 
155 
92 
51 
179 
132
27 
71 
118 
187
20 
24 
175 
58
102
109 
159 
25 
87
6
127
173
64 
18 
174 
134 
59 
22
143 
112 
117 
167 
84 
42 
119 
46 
69
150
29 
16
188 
149 
7 
78 
115 
120 
152 
13 
95 
182 
136 
195 
138 
68
106 
189 
192 
37 
70 
47 
125 
14 
36
153 
124 
135 
171 
170 
90
81
160 
38 
54 
154 
50 
110 
41
176 
148 
141 
28 
183 
53 
82 
133
56 
19
43 
89 
96 
162 
169 
55 
105 
180